1 0.038384 0.255000 0.076768 0.085000
1 0.500000 0.267500 0.058586 0.075000
1 0.296970 0.272500 0.076768 0.070000
2 0.927273 0.362500 0.145454 0.290000
2 0.516162 0.458750 0.115152 0.217500
2 0.707071 0.461250 0.145455 0.262500
2 0.307071 0.465000 0.137374 0.240000
2 0.075758 0.486250 0.143434 0.287500
0 0.912121 0.496250 0.175758 0.857500
0 0.700000 0.542500 0.139394 0.675000
0 0.520202 0.543750 0.155556 0.612500
0 0.300000 0.547500 0.155556 0.645000
0 0.076768 0.548750 0.153535 0.697500
1 0.895960 0.131250 0.107071 0.087500
1 0.698990 0.237500 0.068687 0.060000