1 0.659375 0.152989 0.092188 0.123095
1 0.568750 0.201055 0.095312 0.123095
1 0.165625 0.242087 0.068750 0.083236
1 0.245703 0.256741 0.067969 0.084408
1 0.435937 0.260844 0.062500 0.090270
1 0.358203 0.262603 0.064844 0.089097
1 0.833984 0.289566 0.069531 0.105510
2 0.571094 0.392145 0.067187 0.233294
2 0.669922 0.402110 0.124219 0.271981
2 0.167578 0.414420 0.064844 0.198124
2 0.253906 0.421454 0.068750 0.181712
2 0.439844 0.427902 0.078125 0.178195
2 0.848047 0.447831 0.100781 0.206331
2 0.355859 0.448417 0.053906 0.184056
0 0.264062 0.522860 0.101563 0.607268
0 0.163362 0.524284 0.087339 0.651344
0 0.368359 0.542204 0.083594 0.634232
0 0.677734 0.547479 0.139844 0.888628
0 0.571484 0.562720 0.102344 0.874560
0 0.850391 0.586166 0.125781 0.694021
0 0.447115 0.517346 0.097678 0.613183