1 0.802160 0.253911 0.042089 0.038080
1 0.132597 0.279412 0.080110 0.078431
1 0.598066 0.349265 0.024862 0.031863
1 0.441989 0.363971 0.030387 0.031863
1 0.527624 0.363971 0.033149 0.036765
1 0.478591 0.365196 0.031768 0.039216
1 0.652624 0.367647 0.029006 0.029412
1 0.390193 0.375000 0.040055 0.058824
2 0.815608 0.388480 0.051105 0.164216
1 0.303867 0.400735 0.044199 0.051471
1 0.231354 0.419118 0.051105 0.073529
0 0.603591 0.435049 0.038674 0.227941
0 0.653315 0.458333 0.049724 0.220588
0 0.819184 0.463571 0.085881 0.465016
2 0.531768 0.471814 0.041436 0.120098
0 0.543508 0.491422 0.087017 0.306373
2 0.446133 0.493873 0.030387 0.139706
2 0.388122 0.507353 0.035912 0.166667
0 0.459945 0.517157 0.071823 0.367647
2 0.140884 0.518382 0.091160 0.272059
0 0.239641 0.540441 0.078729 0.325980
2 0.316298 0.544118 0.085635 0.156863
2 0.235497 0.549020 0.064917 0.156863
0 0.407459 0.558824 0.102210 0.406863
0 0.338398 0.591912 0.127072 0.438725
0 0.153315 0.601716 0.146409 0.747549