0 0.521727 0.614449 0.049893 0.277539
0 0.570006 0.607447 0.039154 0.266746
0 0.642677 0.601389 0.039646 0.217593
0 0.425781 0.605556 0.051562 0.231481
0 0.382120 0.612963 0.037844 0.227778
0 0.472639 0.614815 0.039700 0.248148
0 0.605469 0.626852 0.028646 0.240741
2 0.427575 0.582976 0.035408 0.094421
2 0.471030 0.581545 0.032189 0.089652
2 0.384388 0.581545 0.026288 0.078207
2 0.521727 0.572485 0.039163 0.096328
2 0.571620 0.571054 0.030579 0.091559
2 0.603541 0.589175 0.024678 0.093467
2 0.641094 0.566762 0.030043 0.082976
1 0.387876 0.517644 0.015021 0.028612
1 0.435354 0.508584 0.021996 0.025751
1 0.470225 0.510491 0.019850 0.031474
1 0.525483 0.496662 0.019850 0.030520
1 0.567060 0.500477 0.020386 0.034335
1 0.600590 0.521936 0.015558 0.025751
1 0.635730 0.507630 0.019313 0.025751