1 0.710185 0.333882 0.075926 0.108553
0 0.300000 0.476974 0.133333 0.467105
0 0.701852 0.513158 0.144444 0.493421
0 0.111111 0.521382 0.192593 0.884868
2 0.708333 0.575658 0.135185 0.302632
2 0.287963 0.577303 0.142593 0.325658
2 0.459259 0.590461 0.137037 0.338816
0 0.862037 0.593750 0.264815 0.786184
0 0.464815 0.620066 0.170370 0.680921
0 0.621296 0.625000 0.131481 0.723684
2 0.110185 0.687500 0.220370 0.625000
2 0.885185 0.758224 0.225926 0.437500
1 0.113889 0.179276 0.190741 0.194079
1 0.864815 0.261513 0.214815 0.259868
1 0.610185 0.297697 0.057407 0.082237
1 0.287963 0.307566 0.068519 0.095395
1 0.464815 0.327303 0.077778 0.115132