1 0.109801 0.299041 0.080174 0.125248
2 0.324219 0.455213 0.072266 0.143906
2 0.478516 0.491924 0.048828 0.117474
0 0.897461 0.508998 0.101562 0.620771
0 0.325195 0.515820 0.105469 0.466158
0 0.482910 0.525698 0.069336 0.314244
0 0.685623 0.465742 0.070161 0.286210
0 0.085449 0.549192 0.139648 0.631424
1 0.329847 0.307459 0.040375 0.044232
1 0.482696 0.384215 0.027686 0.027754
1 0.682842 0.346054 0.036915 0.036427
1 0.890487 0.234605 0.062293 0.051171
2 0.690052 0.459237 0.054795 0.139636
2 0.898850 0.408066 0.088249 0.215958
2 0.091921 0.439722 0.103245 0.150911