1 0.361764 0.339115 0.049180 0.052038
1 0.254765 0.345620 0.049180 0.056375
1 0.529215 0.366013 0.056761 0.065359
1 0.398164 0.396514 0.061770 0.065359
1 0.643573 0.401961 0.058431 0.063181
1 0.715359 0.416122 0.065109 0.065359
1 0.801336 0.418301 0.060100 0.065359
1 0.291319 0.419390 0.065109 0.063181
1 0.500000 0.425926 0.061770 0.067538
1 0.189482 0.429194 0.068447 0.065359
1 0.597663 0.435730 0.060100 0.061002
2 0.400668 0.567538 0.086811 0.185185
2 0.722037 0.587146 0.091820 0.189542
2 0.292154 0.588235 0.090150 0.183007
2 0.599332 0.591503 0.080134 0.167756
2 0.194491 0.612200 0.081803 0.200436
0 0.833890 0.663399 0.121870 0.559913
0 0.399833 0.667756 0.105175 0.603486
0 0.504174 0.667756 0.110184 0.546841
0 0.722871 0.667756 0.103506 0.564270
0 0.610184 0.674292 0.095159 0.529412
0 0.288815 0.689542 0.106845 0.612200
0 0.171119 0.693900 0.125209 0.599129