1 0.278912 0.177122 0.037732 0.052423
1 0.863889 0.177500 0.034444 0.041667
1 0.312778 0.187500 0.036667 0.041667
1 0.507778 0.195833 0.037778 0.041667
1 0.755000 0.204167 0.036667 0.045000
1 0.428333 0.208333 0.036667 0.040000
1 0.947222 0.215833 0.036667 0.045000
2 0.843889 0.240000 0.050000 0.110000
2 0.497222 0.266667 0.034444 0.080000
1 0.528333 0.270833 0.070000 0.075000
0 0.275556 0.271667 0.057778 0.240000
2 0.321111 0.271667 0.053333 0.110000
2 0.950556 0.280000 0.054444 0.100000
0 0.845556 0.284167 0.077778 0.245000
2 0.744444 0.290833 0.066667 0.115000
0 0.951667 0.291667 0.072222 0.193333
0 0.738889 0.306667 0.088889 0.256667
0 0.322778 0.308333 0.063333 0.283333
2 0.420556 0.310000 0.065556 0.136667
1 0.201111 0.322500 0.077778 0.105000
0 0.425000 0.323333 0.085556 0.296667
2 0.528333 0.422500 0.118889 0.188333
0 0.533333 0.490833 0.133333 0.521667
2 0.150556 0.500000 0.165556 0.293333
0 0.148889 0.581667 0.211111 0.680000
2 0.269876 0.275369 0.038161 0.122290