1 0.718462 0.206191 0.073846 0.072403
1 0.608462 0.217733 0.055385 0.053515
2 0.616154 0.395593 0.127692 0.211962
2 0.718462 0.403463 0.070769 0.284365
2 0.806154 0.431794 0.103077 0.284365
0 0.605000 0.476390 0.140769 0.570829
0 0.705000 0.484785 0.094615 0.656873
0 0.818462 0.522560 0.147692 0.717733
0 0.455494 0.323070 0.050864 0.148309
1 0.020476 0.488291 0.040952 0.031223
1 0.065113 0.451431 0.031790 0.028621
1 0.454540 0.260191 0.014623 0.017346
0 0.040822 0.581526 0.081644 0.226366
0 0.074014 0.520815 0.075024 0.176062
0 0.315618 0.351258 0.031790 0.173461
2 0.456448 0.300954 0.029883 0.050304
2 0.036820 0.573721 0.069302 0.096271
2 0.058437 0.512576 0.037512 0.079792
2 0.301631 0.314397 0.020346 0.052905
0 0.300041 0.313096 0.023525 0.095403