1 0.303459 0.468784 0.030818 0.039430
1 0.272327 0.531763 0.033962 0.042716
0 0.392453 0.539430 0.072956 0.128149
0 0.309119 0.547645 0.061006 0.181818
1 0.191195 0.581577 0.047799 0.048237
0 0.804717 0.593647 0.105031 0.306681
0 0.261321 0.596933 0.066038 0.186199
2 0.267610 0.618839 0.049686 0.116101
2 0.498428 0.622673 0.068553 0.123768
2 0.610692 0.625411 0.062893 0.129244
2 0.706289 0.630340 0.061635 0.110624
2 0.894025 0.637953 0.067296 0.134828
0 0.497484 0.635268 0.101887 0.291347
0 0.715409 0.639223 0.100000 0.281248
0 0.598428 0.650055 0.087421 0.290252
0 0.903145 0.678532 0.104403 0.334064
0 0.381447 0.695755 0.130189 0.276505
0 0.212122 0.703207 0.121668 0.298972
1 0.709227 0.524759 0.036481 0.048583
1 0.809818 0.475241 0.034871 0.048583
1 0.498659 0.512613 0.034871 0.041109
2 0.190182 0.732638 0.062768 0.159763