1 0.462989 0.307979 0.033737 0.044358
1 0.317226 0.316166 0.037111 0.044656
1 0.627192 0.317433 0.030064 0.032958
1 0.544751 0.321227 0.023814 0.031557
0 0.706688 0.331200 0.048819 0.144388
1 0.742707 0.344150 0.041873 0.046442
0 0.786168 0.345341 0.054971 0.169693
1 0.385295 0.351295 0.034332 0.043465
0 0.542469 0.359482 0.039889 0.102709
0 0.625864 0.359060 0.037814 0.121416
0 0.316630 0.364692 0.048621 0.157785
0 0.472514 0.366180 0.050804 0.172670
1 0.562810 0.379280 0.039690 0.048229
1 0.280413 0.384489 0.046835 0.060435
1 0.452014 0.390286 0.040470 0.036427
1 0.171760 0.397440 0.056559 0.053587
0 0.281405 0.427955 0.041675 0.138434
0 0.392637 0.441947 0.059734 0.239655
1 0.344190 0.444926 0.044517 0.041631
1 0.247470 0.476332 0.053582 0.047633
2 0.746974 0.488985 0.079778 0.221792
2 0.849673 0.509080 0.072832 0.238166
2 0.659059 0.509824 0.086525 0.239655
2 0.565291 0.529175 0.069657 0.200953
2 0.459516 0.531855 0.070847 0.193212
0 0.748363 0.536618 0.092876 0.439119
0 0.851062 0.541084 0.093868 0.412325
0 0.856618 0.551503 0.006549 0.010420
0 0.561322 0.564900 0.075610 0.427210
0 0.653007 0.576957 0.090693 0.449539
0 0.460686 0.595261 0.087878 0.449846
0 0.175233 0.597648 0.093272 0.480798
0 0.356272 0.599509 0.112620 0.349062
2 0.352848 0.623698 0.079381 0.217327
2 0.250149 0.648258 0.096249 0.248586
0 0.244592 0.653319 0.104187 0.430188
0 0.672287 0.228192 0.058971 0.143790
1 0.788027 0.281440 0.032598 0.042498
1 0.708970 0.284906 0.027982 0.047633
1 0.850645 0.358630 0.043361 0.040763
1 0.665349 0.177797 0.023126 0.031223
2 0.673443 0.227667 0.042783 0.059844