1 0.151111 0.687500 0.031111 0.036616
1 0.591667 0.688131 0.056667 0.053030
1 0.068889 0.696338 0.033333 0.036616
1 0.406111 0.698232 0.047778 0.047980
1 0.222778 0.710859 0.032222 0.032828
2 0.403333 0.771465 0.091111 0.116162
2 0.232778 0.787247 0.056667 0.112374
2 0.588333 0.787879 0.090000 0.146465
2 0.062778 0.789141 0.065556 0.141414
0 0.122778 0.795455 0.043333 0.171717
0 0.163889 0.796086 0.058889 0.253788
0 0.297222 0.797348 0.054444 0.213384
0 0.227778 0.801136 0.062222 0.213384
0 0.067222 0.806187 0.063333 0.261364
0 0.421111 0.822601 0.100000 0.314394
0 0.591111 0.824495 0.102222 0.351010