0 0.638437 0.921943 0.049375 0.156114
2 0.795312 0.924167 0.044375 0.078333
0 0.794687 0.927580 0.050625 0.144840
2 0.984375 0.935000 0.031250 0.078333
0 0.843750 0.937083 0.052500 0.125833
0 0.715000 0.944167 0.063750 0.111666
0 0.428448 0.889419 0.026019 0.092801
0 0.405681 0.890286 0.019514 0.096271
1 0.799219 0.868604 0.019514 0.023417
1 0.422918 0.853426 0.011058 0.015611
1 0.407958 0.849957 0.009757 0.015611
1 0.641804 0.857329 0.018213 0.019948
1 0.835321 0.888985 0.022767 0.029488
0 0.981570 0.945794 0.036860 0.108412
1 0.730919 0.908500 0.018213 0.026886