0 0.089111 0.816003 0.099121 0.367994
0 0.178711 0.825590 0.176758 0.348820
1 0.383545 0.851401 0.092285 0.120206
1 0.365723 0.915560 0.147461 0.168879
1 0.525146 0.975664 0.131348 0.048672
1 0.257813 0.320796 0.081055 0.085546
1 0.518066 0.326327 0.113281 0.146755
1 0.372559 0.343658 0.085938 0.092920
0 0.456299 0.346239 0.028809 0.083333
1 0.018066 0.410398 0.036132 0.068584
0 0.594482 0.431047 0.116699 0.223451
0 0.677979 0.440265 0.065918 0.324484
0 0.239502 0.485619 0.136230 0.429941
0 0.784668 0.521018 0.201172 0.485988
0 0.351074 0.543142 0.115234 0.511062
0 0.487305 0.593658 0.149414 0.690265
0 0.929199 0.683201 0.141602 0.441857
0 0.026855 0.675885 0.053710 0.629056
1 0.094971 0.690265 0.084473 0.122419
1 0.176270 0.715339 0.113281 0.122419