1 0.131836 0.356771 0.076172 0.088542
1 0.031250 0.356771 0.062500 0.102431
1 0.313965 0.375868 0.055664 0.057292
1 0.468262 0.390625 0.043945 0.048611
1 0.670410 0.393229 0.043945 0.057292
1 0.524902 0.405382 0.036133 0.046875
1 0.710938 0.427951 0.044922 0.074653
1 0.196777 0.428819 0.063477 0.076389
1 0.585938 0.428819 0.041016 0.055556
1 0.851074 0.455729 0.061523 0.074653
0 0.524902 0.624132 0.071289 0.487847
0 0.658203 0.625000 0.062500 0.524306
0 0.459961 0.635417 0.089844 0.538194
0 0.035156 0.640625 0.070312 0.718750
0 0.119141 0.645833 0.107422 0.708333
0 0.595215 0.650174 0.094727 0.512153
0 0.315918 0.651910 0.104492 0.623264
0 0.701660 0.677951 0.071289 0.567708
0 0.197266 0.694444 0.089844 0.611111
0 0.848633 0.712674 0.105469 0.574652