1 0.330556 0.539815 0.034722 0.035185
1 0.272222 0.542593 0.033333 0.033333
1 0.569444 0.543981 0.037500 0.034259
1 0.652431 0.544444 0.038194 0.033333
1 0.408681 0.554167 0.031250 0.037963
1 0.453125 0.569444 0.025694 0.027778
1 0.486806 0.569907 0.052778 0.034259
2 0.264931 0.625000 0.045139 0.112963
2 0.566319 0.627315 0.059028 0.115741
2 0.320139 0.628704 0.052778 0.120370
2 0.672222 0.632870 0.076389 0.106481
2 0.402083 0.643519 0.052778 0.131481
2 0.441667 0.650000 0.026389 0.109259
2 0.482639 0.671759 0.059722 0.130556
0 0.566319 0.671759 0.061806 0.299074
0 0.260417 0.672222 0.056944 0.305556
0 0.320486 0.678241 0.059028 0.319444
0 0.665625 0.684722 0.072917 0.315741
0 0.445486 0.692130 0.038194 0.273148
0 0.399306 0.695370 0.065278 0.325926
0 0.491667 0.715741 0.079167 0.324074