1 0.334635 0.460069 0.042535 0.047454
1 0.184028 0.477431 0.062500 0.070602
1 0.544271 0.521412 0.027778 0.024306
1 0.599392 0.538194 0.039063 0.034722
1 0.678819 0.555556 0.019097 0.030093
0 0.719184 0.584491 0.035590 0.145833
0 0.691840 0.606481 0.067708 0.162037
0 0.550781 0.648148 0.084201 0.284722
2 0.197049 0.651042 0.123264 0.239583
0 0.627604 0.658565 0.098958 0.289352
0 0.343316 0.672454 0.129340 0.483796
0 0.194878 0.716435 0.162326 0.567130
0 0.962489 0.621856 0.037728 0.081526
1 0.941023 0.553339 0.013010 0.019081
1 0.955334 0.591934 0.013010 0.016479
0 0.950781 0.561145 0.035126 0.039896