0 0.268293 0.609969 0.107317 0.520893
0 0.624010 0.653513 0.121126 0.632264
2 0.622568 0.537728 0.090556 0.204683
2 0.360993 0.511275 0.074983 0.181266
2 0.264669 0.528187 0.078444 0.182134
2 0.456164 0.506505 0.068061 0.154380
2 0.527974 0.536427 0.066331 0.181266
2 0.181323 0.533825 0.051334 0.176062
0 0.523360 0.628794 0.094017 0.555074
0 0.363300 0.591500 0.094594 0.513443
0 0.457606 0.603643 0.081328 0.522116
0 0.178439 0.612316 0.074406 0.537728
1 0.592575 0.362099 0.047874 0.045967
1 0.519611 0.382914 0.047297 0.054640
1 0.453857 0.369471 0.043836 0.046834
1 0.362147 0.359063 0.040375 0.045100
1 0.267265 0.378144 0.040952 0.048569
1 0.176708 0.372507 0.045567 0.047702