0 0.275385 0.408333 0.063077 0.202083
0 0.404615 0.413021 0.083077 0.286458
0 0.216546 0.417910 0.060753 0.166263
0 0.881538 0.435937 0.100000 0.430208
2 0.401047 0.368604 0.048035 0.105811
1 0.857382 0.256288 0.038428 0.040763
1 0.414497 0.287077 0.028821 0.031223
1 0.277757 0.322203 0.021776 0.026886
1 0.218834 0.359063 0.023057 0.026019
1 0.191614 0.234605 0.016012 0.014744
2 0.274234 0.388118 0.039069 0.082394
2 0.206985 0.408933 0.033945 0.061578
2 0.878838 0.372507 0.064687 0.136167
2 0.191614 0.270165 0.022416 0.042498
0 0.190973 0.265395 0.031383 0.090199