1 0.386250 0.327392 0.060000 0.084428
1 0.733750 0.350844 0.047500 0.071295
1 0.686875 0.353659 0.058750 0.091932
1 0.831250 0.354597 0.055000 0.082552
1 0.505000 0.370544 0.057500 0.080675
1 0.338750 0.378049 0.050000 0.065666
1 0.216875 0.418386 0.056250 0.078799
2 0.381250 0.505629 0.100000 0.185741
2 0.681250 0.521576 0.085000 0.187617
2 0.826250 0.527205 0.105000 0.198874
2 0.499375 0.543152 0.091250 0.196998
2 0.586250 0.549719 0.070000 0.191370
2 0.282500 0.569418 0.085000 0.196998
2 0.201250 0.570356 0.070000 0.198874
0 0.675625 0.596171 0.081250 0.576956
0 0.379375 0.587242 0.123750 0.604128
0 0.595625 0.601313 0.091250 0.497186
0 0.832500 0.605066 0.102500 0.572233
0 0.505625 0.612570 0.113750 0.564728
0 0.283125 0.635084 0.091250 0.515947
0 0.197212 0.628794 0.095922 0.508239
0 0.745582 0.577190 0.073964 0.536860