1 0.398438 0.434211 0.064453 0.061404
1 0.250977 0.437135 0.078125 0.096491
1 0.332031 0.450292 0.041016 0.046784
1 0.449219 0.454678 0.025391 0.049708
1 0.662109 0.459064 0.033203 0.046784
1 0.560547 0.469298 0.044922 0.055556
1 0.713867 0.478070 0.054688 0.061404
2 0.662109 0.513158 0.033203 0.102339
0 0.666016 0.540936 0.048828 0.239766
2 0.334961 0.548246 0.058594 0.131579
2 0.567383 0.583333 0.074219 0.160819
2 0.709961 0.592105 0.070313 0.178363
0 0.333008 0.606725 0.078125 0.377193
2 0.410156 0.618421 0.119141 0.260234
0 0.573242 0.618421 0.089844 0.365497
2 0.240234 0.630117 0.119141 0.266082
0 0.717773 0.652047 0.105469 0.380117
0 0.236328 0.692982 0.158203 0.614035
0 0.410156 0.698830 0.158203 0.602339