1 0.162109 0.336750 0.060547 0.064422
1 0.850586 0.371889 0.062500 0.058565
1 0.759766 0.380673 0.060547 0.076135
1 0.246094 0.398243 0.048828 0.058565
1 0.586914 0.398243 0.050781 0.052709
1 0.434570 0.408492 0.046875 0.061493
1 0.675781 0.411420 0.056641 0.049780
1 0.340820 0.417277 0.042969 0.055637
1 0.519531 0.436310 0.044922 0.046852
2 0.152344 0.510981 0.095703 0.237189
2 0.867188 0.518302 0.107422 0.222548
2 0.765625 0.544656 0.095703 0.216691
2 0.245117 0.549048 0.089844 0.243045
2 0.684570 0.566618 0.085938 0.237189
2 0.596680 0.572474 0.097656 0.260615
2 0.337402 0.573939 0.088867 0.222548
2 0.435547 0.595900 0.091797 0.278184
2 0.523438 0.595900 0.076172 0.219619
0 0.129883 0.606149 0.144531 0.632504
0 0.863281 0.619327 0.107422 0.571010
0 0.597656 0.631040 0.099609 0.541728
0 0.251953 0.633968 0.119141 0.518302
0 0.768555 0.633968 0.097656 0.553441
0 0.511719 0.638360 0.076172 0.480234
0 0.425781 0.648609 0.115234 0.553441
0 0.338867 0.650073 0.078125 0.527086
0 0.682617 0.653001 0.097656 0.515373