1 0.161750 0.388667 0.071500 0.069333
1 0.581625 0.430500 0.040250 0.041000
1 0.487500 0.434500 0.040500 0.028333
1 0.736625 0.441167 0.061250 0.054333
1 0.837625 0.443333 0.063250 0.045333
1 0.232750 0.444500 0.053500 0.047667
1 0.316750 0.451167 0.041500 0.061000
1 0.646625 0.454000 0.037750 0.032000
1 0.408250 0.457333 0.037500 0.034000
0 0.485250 0.581167 0.088500 0.334333
0 0.402750 0.590000 0.073500 0.306667
0 0.576375 0.590500 0.090250 0.353000
0 0.658125 0.611500 0.074250 0.364333
0 0.739375 0.617833 0.091750 0.394333
0 0.313750 0.625667 0.091500 0.378667
0 0.236250 0.640500 0.090500 0.439667
0 0.139125 0.650000 0.104750 0.586667
0 0.844125 0.656333 0.114250 0.467333