2 0.921569 0.253676 0.078431 0.134804
0 0.919935 0.322304 0.094771 0.384804
2 0.348856 0.328431 0.034314 0.063725
0 0.346405 0.357843 0.055556 0.215686
0 0.492647 0.366690 0.060458 0.207796
1 0.764706 0.530854 0.035948 0.060841
1 0.376634 0.536765 0.027778 0.029412
1 0.622549 0.582108 0.035948 0.051471
0 0.365196 0.589461 0.093137 0.149510
2 0.361111 0.615196 0.068627 0.102941
2 0.781863 0.650735 0.076797 0.149510
0 0.591503 0.669118 0.098039 0.220588
0 0.774510 0.681373 0.101307 0.357843
2 0.573529 0.688725 0.058824 0.147059
1 0.897876 0.151961 0.037582 0.053922