1 0.292396 0.119538 0.047792 0.069151
1 0.449500 0.139850 0.022000 0.049624
0 0.281500 0.171805 0.081000 0.196241
2 0.568922 0.229835 0.054792 0.086730
2 0.416750 0.229699 0.051500 0.131579
0 0.060250 0.248496 0.073500 0.214286
1 0.660500 0.255263 0.094000 0.084962
0 0.570500 0.284586 0.074000 0.301504
0 0.419250 0.295489 0.086500 0.375940
1 0.343250 0.306767 0.044500 0.082707
2 0.773500 0.342481 0.145000 0.206767
2 0.229992 0.366415 0.144016 0.182960
0 0.257500 0.503759 0.225000 0.499248
0 0.738000 0.529699 0.269000 0.648872
0 0.182784 0.186470 0.042680 0.116219
2 0.139527 0.283608 0.038066 0.069384
2 0.144718 0.168690 0.024224 0.032090
2 0.183072 0.185603 0.032875 0.050304
2 0.489330 0.191674 0.024801 0.046834
0 0.140797 0.185836 0.033219 0.108813
0 0.487600 0.212489 0.035182 0.138768
0 0.133471 0.279271 0.072095 0.130095
1 0.177305 0.143539 0.014419 0.019948
1 0.572303 0.153513 0.024993 0.036427
1 0.107806 0.233304 0.018456 0.031223
1 0.146149 0.141771 0.009317 0.018013
1 0.213141 0.144773 0.009317 0.013343
0 0.212476 0.165121 0.015972 0.060711
2 0.211810 0.167456 0.011979 0.022683