1 0.917692 0.286866 0.072308 0.052995
1 0.134615 0.329493 0.075385 0.078341
1 0.361538 0.337558 0.052308 0.043779
1 0.443077 0.353687 0.052308 0.029954
1 0.726923 0.355991 0.053846 0.043779
1 0.246923 0.361751 0.056923 0.050691
1 0.602308 0.361751 0.044615 0.046083
0 0.917692 0.517281 0.121538 0.523041
0 0.439231 0.534562 0.087692 0.400922
0 0.603846 0.536866 0.075385 0.423963
0 0.738462 0.547235 0.113846 0.435484
0 0.341538 0.551843 0.080000 0.500000
0 0.245385 0.581797 0.075385 0.518433
0 0.129231 0.584101 0.113846 0.596774