1 0.088750 0.333333 0.037500 0.053333
1 0.718750 0.336667 0.077500 0.073333
1 0.031250 0.355000 0.062500 0.076667
0 0.440000 0.461667 0.100000 0.336667
0 0.355000 0.498333 0.090000 0.416667
0 0.553750 0.510000 0.112500 0.433333
0 0.232500 0.540000 0.160000 0.500000
0 0.056250 0.585000 0.112500 0.623333
0 0.851250 0.593333 0.152500 0.613333
0 0.695000 0.623333 0.155000 0.640000
1 0.346250 0.311667 0.047500 0.043333
1 0.218750 0.315000 0.067500 0.056667
1 0.422500 0.321667 0.055000 0.056667
1 0.852500 0.321667 0.090000 0.083333
1 0.545000 0.328333 0.060000 0.063333