1 0.226667 0.273333 0.073333 0.066667
1 0.578333 0.273333 0.066667 0.053333
1 0.803333 0.291111 0.073333 0.057778
1 0.453333 0.298889 0.073333 0.051111
1 0.375833 0.306667 0.061667 0.053333
2 0.595833 0.475556 0.118333 0.226667
2 0.466667 0.490000 0.120000 0.202222
2 0.345833 0.492222 0.095000 0.228889
2 0.805000 0.514444 0.113333 0.237778
2 0.200000 0.516667 0.140000 0.291111
0 0.617500 0.585556 0.161667 0.651111
0 0.485833 0.590000 0.138333 0.660000
0 0.815833 0.600000 0.151667 0.662222
0 0.346667 0.610000 0.116667 0.651111
0 0.186667 0.623333 0.160000 0.753333