1 0.715054 0.266423 0.051808 0.068613
1 0.566960 0.310219 0.044966 0.051095
1 0.174487 0.363504 0.042033 0.046715
2 0.730694 0.414599 0.090909 0.183942
2 0.563050 0.433577 0.072336 0.151825
2 0.449169 0.457664 0.075269 0.164964
2 0.243891 0.464964 0.051808 0.150365
0 0.731672 0.481752 0.104594 0.499270
2 0.172043 0.483212 0.060606 0.110949
0 0.566960 0.497810 0.111437 0.437956
0 0.251711 0.511679 0.075269 0.372263
0 0.164712 0.512409 0.085044 0.367883
0 0.460899 0.518248 0.106549 0.426277
0 0.368627 0.537226 0.074086 0.359124
1 0.452089 0.327407 0.041233 0.042498
1 0.375140 0.381180 0.041814 0.042498
1 0.249118 0.346921 0.040652 0.039896
0 0.106255 0.561145 0.068528 0.261925
2 0.367300 0.481787 0.055171 0.125759