1 0.638428 0.366279 0.043457 0.047238
1 0.640137 0.474746 0.047363 0.051235
1 0.458618 0.493278 0.045166 0.045422
1 0.723877 0.502362 0.042480 0.046875
1 0.560913 0.503089 0.049072 0.048328
1 0.360596 0.506541 0.049805 0.055233
1 0.790894 0.510356 0.036377 0.045422
1 0.124756 0.521984 0.047852 0.068677
1 0.262817 0.558685 0.043213 0.039608
1 0.194336 0.576126 0.047852 0.065770
2 0.546021 0.626272 0.093994 0.196584
2 0.633911 0.626999 0.092041 0.210392
2 0.717041 0.627544 0.086426 0.194767
2 0.110229 0.654797 0.101807 0.185320
2 0.450562 0.657522 0.086182 0.203125
2 0.799194 0.660429 0.081299 0.208939
2 0.360718 0.670967 0.090088 0.204578
0 0.631470 0.687863 0.093018 0.477471
2 0.264160 0.695494 0.074707 0.189680
0 0.727051 0.696584 0.091797 0.477471
0 0.457397 0.702035 0.093994 0.484012
0 0.803589 0.703125 0.098877 0.444041
2 0.185913 0.706759 0.078369 0.186773
0 0.543579 0.711119 0.091553 0.485465
0 0.363037 0.718387 0.094727 0.478924
0 0.109985 0.718750 0.104248 0.475291
0 0.270020 0.739281 0.091797 0.422602
0 0.191040 0.742187 0.062744 0.397892
1 0.560059 0.125182 0.048828 0.059956
1 0.474609 0.140988 0.038086 0.048692
2 0.555054 0.246548 0.089111 0.174782
2 0.472168 0.260901 0.098145 0.160610
0 0.465698 0.302689 0.090576 0.380814
0 0.563721 0.307776 0.100586 0.416424
0 0.637230 0.396357 0.075171 0.121422