1 0.160000 0.149479 0.029231 0.036458
1 0.654231 0.171354 0.033077 0.038542
1 0.880769 0.186979 0.036923 0.044792
2 0.813911 0.204790 0.039871 0.080004
0 0.158846 0.213542 0.057692 0.162500
0 0.810769 0.224255 0.053846 0.216073
2 0.165769 0.222917 0.050000 0.095833
0 0.652692 0.234375 0.077692 0.172917
2 0.658077 0.250521 0.056154 0.105208
2 0.868846 0.272917 0.043846 0.129167
0 0.880769 0.312500 0.064615 0.306250
1 0.168077 0.336979 0.070000 0.073958
2 0.155385 0.517188 0.109231 0.238542
0 0.156923 0.598958 0.164615 0.614583
1 0.435098 0.085863 0.025189 0.032958
0 0.433071 0.281440 0.060845 0.236774
0 0.506084 0.284475 0.078778 0.216826
0 0.418340 0.173461 0.072373 0.220295
2 0.505124 0.255421 0.056361 0.085863
2 0.430509 0.230269 0.041631 0.084128
2 0.411295 0.151778 0.040350 0.088465
1 0.808066 0.136167 0.024338 0.029488
0 0.048252 0.431483 0.096504 0.158716
1 0.078891 0.380746 0.028821 0.048569
2 0.031817 0.420208 0.060204 0.091067