1 0.380710 0.588660 0.021842 0.030545
1 0.765571 0.592391 0.030000 0.032609
1 0.298714 0.605668 0.022000 0.025686
1 0.449714 0.604555 0.026857 0.025880
1 0.900857 0.608696 0.026286 0.023810
1 0.628777 0.619552 0.019269 0.028462
1 0.690144 0.620463 0.019926 0.026640
1 0.232603 0.624439 0.022226 0.024241
1 0.581883 0.625134 0.022623 0.025629
1 0.516857 0.627588 0.018286 0.030538
0 0.759537 0.720066 0.076354 0.294857
0 0.899143 0.722308 0.048571 0.266563
0 0.632286 0.726190 0.066286 0.258799
0 0.585000 0.732143 0.068857 0.250000
0 0.382025 0.730528 0.065093 0.318447
0 0.520714 0.734213 0.048857 0.238613
0 0.450714 0.735507 0.057429 0.298137
0 0.227714 0.735507 0.057143 0.260870
0 0.697000 0.737836 0.075714 0.266563
0 0.291685 0.738776 0.051487 0.298845
0 0.327857 0.745859 0.040286 0.246377
1 0.323230 0.634130 0.020310 0.024297