0 0.198000 0.468468 0.156000 0.744745
0 0.352000 0.481982 0.144000 0.651652
2 0.214000 0.486486 0.144000 0.360360
0 0.663000 0.495495 0.158000 0.576577
0 0.843000 0.500000 0.174000 0.789790
0 0.507000 0.503003 0.166000 0.585586
2 0.827000 0.519520 0.138000 0.396396
2 0.328000 0.557057 0.164000 0.369369
1 0.569000 0.135135 0.086000 0.084084
1 0.824000 0.144144 0.100000 0.066066
1 0.224000 0.147147 0.084000 0.066066
1 0.364000 0.210210 0.084000 0.072072
1 0.672000 0.235736 0.084000 0.063063
1 0.507000 0.246246 0.082000 0.066066