1 0.446875 0.220370 0.070833 0.077778
1 0.679167 0.256481 0.062500 0.105556
1 0.343229 0.280556 0.073958 0.101852
1 0.873958 0.284259 0.072917 0.098148
1 0.598437 0.285185 0.076042 0.088889
1 0.500521 0.295370 0.069792 0.105556
2 0.697917 0.451852 0.114583 0.277778
2 0.338542 0.477778 0.120833 0.240741
2 0.615625 0.477778 0.131250 0.292593
2 0.868750 0.487963 0.135417 0.268519
2 0.485417 0.497222 0.114583 0.268519
0 0.610417 0.607407 0.135417 0.744444
0 0.332292 0.615741 0.143750 0.768518
0 0.863542 0.615741 0.143750 0.768518
0 0.486458 0.624074 0.147917 0.751852