1 0.365333 0.259091 0.032000 0.059091
1 0.609979 0.279285 0.038627 0.045975
1 0.523333 0.295455 0.028000 0.050000
2 0.500000 0.306818 0.053333 0.072727
0 0.500667 0.357955 0.084000 0.184091
0 0.411333 0.380682 0.081333 0.370455
1 0.336667 0.382955 0.038667 0.070455
1 0.679989 0.374033 0.041309 0.057156
1 0.594667 0.410227 0.048000 0.079545
1 0.087446 0.518746 0.039700 0.056696
0 0.327333 0.535227 0.092000 0.397727
0 0.591459 0.602273 0.084250 0.454545
0 0.224667 0.612500 0.081333 0.370455
1 0.766000 0.650000 0.041333 0.050000
1 0.812667 0.651136 0.036000 0.075000
0 0.110667 0.681818 0.093333 0.218182
1 0.490667 0.734091 0.045333 0.081818
0 0.868667 0.734091 0.140000 0.222727
0 0.740000 0.739773 0.109333 0.234091
0 0.448667 0.785227 0.148000 0.206818
1 0.404667 0.225000 0.046667 0.050000
0 0.675429 0.496342 0.082618 0.322803
0 0.024410 0.229778 0.048820 0.204838
1 0.012339 0.149306 0.024678 0.038407