1 0.446753 0.352349 0.064935 0.087248
1 0.180519 0.359060 0.072727 0.087248
1 0.703896 0.379195 0.054545 0.055928
1 0.548701 0.410515 0.063636 0.073826
1 0.325974 0.438479 0.059740 0.071588
1 0.844805 0.453020 0.058442 0.055928
2 0.428571 0.568233 0.114286 0.281879
2 0.194805 0.578300 0.106494 0.243848
2 0.708442 0.607383 0.120779 0.284116
2 0.558442 0.617450 0.088312 0.272931
0 0.441558 0.630872 0.135065 0.648770
2 0.321429 0.640940 0.110390 0.248322
0 0.709740 0.652125 0.167532 0.615213
0 0.560390 0.661074 0.118182 0.588367
0 0.200000 0.662192 0.127273 0.675615
0 0.313636 0.676734 0.110390 0.548098
0 0.840260 0.682327 0.116883 0.536913
2 0.842857 0.691275 0.106494 0.290828