0 0.112500 0.318934 0.042647 0.166054
0 0.041912 0.325023 0.042647 0.169561
0 0.205147 0.350891 0.042647 0.172728
0 0.251471 0.351961 0.044118 0.170588
1 0.163235 0.360784 0.094118 0.113725
1 0.819853 0.366667 0.054412 0.070588
1 0.626471 0.373529 0.076471 0.076471
1 0.745588 0.390196 0.064706 0.078431
1 0.328676 0.411765 0.080882 0.101961
0 0.830882 0.562745 0.091176 0.454902
0 0.614706 0.581373 0.105882 0.503922
0 0.752941 0.582353 0.123529 0.474510
0 0.131618 0.644118 0.139706 0.688235
0 0.339706 0.675490 0.152941 0.629412
1 0.046292 0.254987 0.021466 0.024284
1 0.111015 0.248049 0.022116 0.020815
1 0.201431 0.282741 0.018213 0.024284
1 0.252819 0.281006 0.020815 0.022550