1 0.746250 0.528571 0.050000 0.051429
1 0.200000 0.533333 0.060000 0.083810
1 0.321875 0.533333 0.071250 0.110476
1 0.613750 0.545714 0.062500 0.097143
1 0.446250 0.554286 0.057500 0.064762
1 0.930625 0.555238 0.056250 0.066667
1 0.562500 0.560952 0.035000 0.043810
1 0.818750 0.582857 0.057500 0.049524
2 0.444375 0.687619 0.066250 0.179048
2 0.749375 0.699048 0.093750 0.213333
2 0.921250 0.707619 0.075000 0.173333
2 0.552500 0.715238 0.077500 0.196190
0 0.631875 0.727619 0.133750 0.487619
0 0.311250 0.731429 0.125000 0.506667
0 0.543750 0.741905 0.085000 0.443810
0 0.755625 0.746667 0.113750 0.491429
0 0.196875 0.751429 0.133750 0.497142
2 0.200625 0.757143 0.103750 0.283810
0 0.455000 0.762857 0.105000 0.462857
2 0.837500 0.763810 0.045000 0.209524
0 0.913125 0.769524 0.103750 0.460952
0 0.828125 0.774286 0.071250 0.451428
2 0.635625 0.779048 0.091250 0.270476
2 0.322500 0.780952 0.117500 0.300952