0 0.565833 0.417251 0.038333 0.175351
0 0.631250 0.421182 0.040833 0.184729
0 0.749167 0.443350 0.043333 0.162562
0 0.762500 0.632389 0.056667 0.171182
0 0.473544 0.753585 0.056246 0.192338
0 0.444834 0.582394 0.086857 0.130963
0 0.256447 0.653513 0.073946 0.087598
0 0.362378 0.766696 0.075707 0.126626
0 0.810750 0.530356 0.038147 0.191674
0 0.878828 0.435386 0.048711 0.189072
0 0.980348 0.473547 0.039303 0.178664
0 0.490903 0.116219 0.035799 0.067650
0 0.612093 0.131830 0.035212 0.102342
0 0.735924 0.265828 0.044602 0.089332
0 0.686626 0.261492 0.042255 0.141370
0 0.799893 0.344753 0.041081 0.167389
0 0.850071 0.368170 0.038147 0.106678
0 0.674008 0.160017 0.035799 0.059844
0 0.864743 0.308326 0.029931 0.089332
0 0.318362 0.523851 0.055753 0.130095
0 0.356216 0.541631 0.058687 0.092801
0 0.364138 0.620989 0.056927 0.083261
1 0.466548 0.675195 0.024649 0.030356
1 0.459212 0.540763 0.024062 0.035559
1 0.325405 0.486990 0.022888 0.028621
1 0.230918 0.626626 0.018193 0.030356
1 0.370594 0.510841 0.019367 0.029488
1 0.624711 0.348656 0.022888 0.027754
1 0.746781 0.375108 0.024062 0.023417
1 0.806055 0.450130 0.020541 0.027754
1 0.802534 0.276236 0.022888 0.026886
1 0.732402 0.239809 0.016432 0.028621
1 0.678410 0.202082 0.017606 0.022550
1 0.676649 0.142238 0.015259 0.019081
1 0.603583 0.096271 0.015846 0.024284
1 0.777298 0.561145 0.019367 0.026019
1 0.885870 0.361232 0.022888 0.030356
1 0.860341 0.277103 0.018780 0.023417
1 0.848017 0.333044 0.021127 0.027754