1 0.400000 0.288221 0.046667 0.045113
1 0.319167 0.294486 0.045000 0.037594
1 0.470000 0.300752 0.030000 0.030075
1 0.543333 0.314536 0.030000 0.032581
1 0.588333 0.337093 0.026667 0.027569
1 0.659167 0.360902 0.031667 0.025063
0 0.395000 0.478697 0.073333 0.421053
0 0.470000 0.482456 0.063333 0.408521
0 0.536667 0.482456 0.046667 0.378446
0 0.586667 0.488722 0.046667 0.325815
0 0.650833 0.496241 0.061667 0.325815
0 0.309167 0.502506 0.071667 0.448622
0 0.835833 0.563910 0.131667 0.701754
1 0.841667 0.248120 0.063333 0.070175