1 0.628750 0.203565 0.080000 0.084428
1 0.731250 0.211069 0.102500 0.106942
1 0.355625 0.220450 0.083750 0.114447
1 0.421875 0.261726 0.058750 0.084428
1 0.226250 0.301126 0.097500 0.144465
1 0.515625 0.320826 0.083750 0.086304
2 0.325000 0.454972 0.127500 0.343340
2 0.770000 0.514071 0.142500 0.356473
2 0.208750 0.564728 0.170000 0.375235
0 0.760000 0.580675 0.162500 0.838649
0 0.337500 0.581614 0.120000 0.836772
0 0.633125 0.582552 0.096250 0.834896
0 0.428125 0.586304 0.081250 0.816135
0 0.198750 0.610694 0.167500 0.778612
0 0.536250 0.634146 0.147500 0.731707