0 0.133000 0.303892 0.086000 0.380240
2 0.802000 0.308383 0.084000 0.191617
0 0.657000 0.320359 0.094000 0.377246
0 0.913000 0.336826 0.106000 0.505988
2 0.464000 0.348802 0.136000 0.332335
0 0.806000 0.365269 0.120000 0.491018
0 0.482000 0.483533 0.200000 0.919162
1 0.476000 0.071856 0.080000 0.083832
1 0.898000 0.110778 0.052000 0.065868
1 0.129000 0.142216 0.038000 0.050898
1 0.802000 0.155689 0.052000 0.065868
1 0.657000 0.161677 0.046000 0.047904
1 0.071000 0.163174 0.022000 0.032934
1 0.334000 0.164671 0.032000 0.035928
1 0.222000 0.166168 0.028000 0.032934
1 0.282000 0.169162 0.024000 0.026946
2 0.224000 0.227545 0.044000 0.089820
0 0.188000 0.233533 0.024000 0.155689
2 0.289000 0.236527 0.038000 0.089820
0 0.228000 0.255988 0.048000 0.206587
0 0.286000 0.255988 0.052000 0.212575
2 0.344000 0.255988 0.052000 0.128743
0 0.072000 0.255988 0.028000 0.230539
2 0.907000 0.258982 0.090000 0.200599
2 0.661000 0.279940 0.062000 0.164671
0 0.346000 0.287425 0.080000 0.287425