0 0.080008 0.491188 0.071984 0.137624
0 0.348379 0.508667 0.054759 0.193333
0 0.198500 0.538667 0.065000 0.138667
0 0.580500 0.625333 0.065000 0.205333
0 0.906765 0.739333 0.052471 0.153333
0 0.243387 0.504770 0.052689 0.185603
0 0.099306 0.655681 0.070252 0.117953
0 0.037511 0.846487 0.068951 0.169991
0 0.845403 0.862966 0.065048 0.274068
1 0.850607 0.755854 0.029922 0.045967
1 0.904597 0.686904 0.036427 0.038161
1 0.573504 0.543799 0.024718 0.032958
1 0.359172 0.432784 0.024068 0.032958
1 0.228751 0.433218 0.019514 0.033825
1 0.192650 0.483955 0.022767 0.026019
1 0.097355 0.621422 0.035126 0.042498
2 0.578382 0.598005 0.038378 0.066782
2 0.191674 0.531223 0.036427 0.059844
2 0.083369 0.458803 0.030572 0.055507