1 0.918750 0.285178 0.057500 0.060038
1 0.521958 0.294128 0.043916 0.038386
1 0.756250 0.288931 0.065000 0.048780
1 0.659424 0.293473 0.046348 0.050953
1 0.208750 0.297373 0.052500 0.058161
1 0.371250 0.312383 0.045000 0.039400
1 0.101250 0.318011 0.055000 0.050657
1 0.831250 0.319887 0.057500 0.043152
1 0.460625 0.323640 0.041250 0.050657
1 0.298125 0.329268 0.053750 0.061914
1 0.603125 0.333959 0.051250 0.045028
1 0.705000 0.356473 0.057500 0.052533
1 0.617500 0.357411 0.045000 0.035647
0 0.763125 0.535647 0.066250 0.568480
0 0.912500 0.537523 0.105000 0.575985
0 0.208750 0.543152 0.112500 0.564728
0 0.523750 0.544090 0.082500 0.551595
0 0.302500 0.545966 0.102500 0.487805
0 0.367500 0.546904 0.070000 0.534709
0 0.463750 0.549719 0.055000 0.476548
0 0.821250 0.552533 0.090000 0.508443
0 0.109212 0.561491 0.114076 0.550563
0 0.414375 0.568032 0.098750 0.447426
0 0.696250 0.575047 0.080000 0.500938
0 0.605000 0.587242 0.080000 0.514071