1 0.746250 0.255556 0.062500 0.080000
1 0.886875 0.268889 0.038750 0.071111
1 0.521875 0.314444 0.031250 0.037778
1 0.429453 0.339771 0.038090 0.046733
1 0.344375 0.352222 0.041250 0.051111
1 0.161250 0.385556 0.062500 0.077778
2 0.902500 0.393333 0.060000 0.160000
2 0.773750 0.417778 0.067500 0.182222
0 0.905000 0.465556 0.090000 0.464444
2 0.356875 0.468889 0.058750 0.137778
0 0.524410 0.472222 0.058476 0.362222
0 0.762500 0.511111 0.117500 0.577778
2 0.161250 0.571111 0.087500 0.266667
0 0.164528 0.647778 0.099056 0.637778
0 0.357028 0.540057 0.072425 0.437768
0 0.434818 0.522413 0.075644 0.417740
0 0.472639 0.499046 0.064378 0.401526
2 0.519313 0.436099 0.045064 0.138293
2 0.429185 0.465188 0.048283 0.162136
2 0.471835 0.455174 0.033798 0.149738
1 0.462715 0.318312 0.029506 0.034335