1 0.801754 0.341121 0.080702 0.065421
1 0.198246 0.467290 0.035088 0.046729
1 0.442982 0.467290 0.036842 0.042056
1 0.569298 0.467290 0.043860 0.056075
2 0.803509 0.470794 0.084211 0.119159
2 0.616667 0.496495 0.050877 0.081776
1 0.368421 0.503505 0.028070 0.049065
2 0.472807 0.521028 0.033333 0.056075
2 0.243860 0.523364 0.073684 0.056075
2 0.332456 0.542056 0.043860 0.074766
0 0.611404 0.557243 0.131579 0.250000
0 0.797368 0.564252 0.205263 0.525701
0 0.473684 0.567757 0.101754 0.247664
0 0.229825 0.575935 0.108772 0.287383
0 0.341228 0.595794 0.124561 0.275701