1 0.946538 0.161026 0.039231 0.057436
1 0.774615 0.175897 0.075385 0.052308
1 0.288077 0.176410 0.086923 0.082051
2 0.941152 0.269231 0.069995 0.150769
0 0.943077 0.279487 0.080000 0.300513
2 0.782692 0.312308 0.076154 0.169231
2 0.258462 0.343077 0.100000 0.236923
0 0.768462 0.362051 0.120000 0.438974
0 0.271154 0.418974 0.136154 0.567179
2 0.485385 0.725641 0.086154 0.187692
0 0.469753 0.764961 0.142454 0.355594
2 0.601800 0.678231 0.107329 0.083261
0 0.391045 0.237641 0.039679 0.124892
2 0.396899 0.225065 0.014961 0.042498
1 0.431700 0.618820 0.042931 0.056375
1 0.393384 0.185541 0.013010 0.015488