1 0.401855 0.163982 0.071289 0.055637
1 0.464844 0.174231 0.060547 0.076135
1 0.262207 0.216691 0.053711 0.090776
2 0.391113 0.291362 0.065430 0.163982
2 0.666504 0.292826 0.116211 0.219619
2 0.471680 0.306735 0.078125 0.180088
2 0.919434 0.333821 0.092773 0.345534
2 0.131348 0.335286 0.155273 0.292826
0 0.669922 0.379209 0.146484 0.585652
0 0.389160 0.385798 0.081055 0.487555
0 0.480957 0.398243 0.110352 0.530015
0 0.257324 0.418741 0.102539 0.509517
0 0.899902 0.419473 0.118164 0.756955
0 0.134277 0.448755 0.133789 0.748170
1 0.922852 0.086384 0.082031 0.064422
1 0.149414 0.111274 0.082031 0.067350
1 0.673340 0.125915 0.063477 0.061493
2 0.260508 0.354727 0.077517 0.164788