1 0.525751 0.173437 0.053648 0.075000
1 0.643057 0.196875 0.068966 0.096875
1 0.390960 0.217326 0.051258 0.090347
1 0.447344 0.214062 0.068966 0.075000
1 0.272134 0.220312 0.068966 0.106250
1 0.341661 0.227019 0.049203 0.079151
1 0.723206 0.235937 0.076421 0.087500
0 0.543802 0.507813 0.105312 0.750000
0 0.630009 0.540625 0.143523 0.846875
0 0.434762 0.557813 0.151911 0.756250
0 0.267474 0.567187 0.182665 0.818750
0 0.746971 0.592969 0.127679 0.814062
0 0.080740 0.352491 0.057403 0.258140
0 0.022800 0.351592 0.045600 0.223961
1 0.078326 0.240960 0.022532 0.031481
1 0.186964 0.230167 0.053112 0.072855
1 0.015021 0.254002 0.019313 0.023386