2 0.133796 0.441770 0.053112 0.104703
2 0.654600 0.439909 0.039015 0.104507
2 0.706760 0.448073 0.043188 0.088178
2 0.526601 0.454605 0.041728 0.114304
0 0.705818 0.493795 0.055920 0.284128
0 0.651784 0.506695 0.050073 0.336055
0 0.526601 0.506919 0.058419 0.335607
2 0.291780 0.516656 0.118715 0.264533
2 0.420718 0.522861 0.132068 0.275637
0 0.180993 0.530536 0.064469 0.431417
0 0.433027 0.599118 0.125808 0.801764
0 0.275819 0.602384 0.195285 0.795232
1 0.302749 0.261104 0.076462 0.078054
1 0.423639 0.281515 0.069476 0.081646
0 0.130709 0.505204 0.067043 0.356461
1 0.515791 0.361232 0.032690 0.039029
1 0.647384 0.360364 0.031028 0.032090
1 0.691987 0.375108 0.026042 0.033825
1 0.170602 0.340850 0.038231 0.045100