1 0.218333 0.550602 0.056667 0.055422
1 0.514167 0.562651 0.038333 0.045783
1 0.330000 0.590361 0.033333 0.062651
1 0.679065 0.606024 0.046191 0.074699
1 0.424872 0.621045 0.053077 0.068753
2 0.327500 0.686747 0.065000 0.115663
0 0.646667 0.690361 0.163333 0.281928
2 0.657381 0.707229 0.084761 0.127711
2 0.210000 0.708434 0.073333 0.163855
0 0.505833 0.714458 0.061667 0.354217
2 0.458333 0.734940 0.053333 0.086747
0 0.321667 0.739759 0.103333 0.395181
0 0.208333 0.749398 0.103333 0.453012
0 0.409285 0.777328 0.091430 0.387514
0 0.481704 0.297485 0.043792 0.156114
0 0.415416 0.296184 0.032394 0.155247
0 0.439712 0.294449 0.031794 0.151778
2 0.503899 0.663053 0.050990 0.136167
2 0.405218 0.738508 0.058789 0.155247
2 0.480804 0.277537 0.028794 0.055507
2 0.438212 0.270598 0.022796 0.050304
2 0.412417 0.275369 0.019196 0.052905
1 0.480435 0.231876 0.016938 0.018877
1 0.423517 0.228751 0.015297 0.017780