1 0.260547 0.322917 0.055469 0.058333
1 0.592693 0.332812 0.060494 0.063542
1 0.448047 0.338406 0.066406 0.052354
1 0.741652 0.357329 0.086513 0.078057
1 0.345100 0.406443 0.088638 0.101698
0 0.256635 0.543799 0.088292 0.511709
0 0.582812 0.583333 0.137500 0.579167
0 0.461719 0.588542 0.103125 0.560417
0 0.751172 0.654167 0.141406 0.691666
0 0.341797 0.671875 0.139844 0.652083
0 0.076865 0.524284 0.098222 0.406765
0 0.025585 0.562012 0.051170 0.487424
1 0.060278 0.348222 0.045533 0.047702
1 0.018322 0.345620 0.034475 0.047702