1 0.219667 0.272500 0.038000 0.045000
1 0.281151 0.328274 0.030645 0.039029
0 0.208333 0.394500 0.074000 0.287000
1 0.420877 0.417510 0.030247 0.050979
0 0.286333 0.478946 0.082000 0.342108
1 0.455000 0.600000 0.055333 0.070000
0 0.393147 0.639300 0.077707 0.371401
1 0.607537 0.653964 0.049742 0.052073
1 0.788812 0.719428 0.053773 0.058109
2 0.451333 0.737500 0.069333 0.163000
0 0.454000 0.743500 0.088000 0.323000
0 0.597863 0.757494 0.096275 0.273011
2 0.606100 0.779881 0.066493 0.155762
0 0.807647 0.802000 0.118040 0.220000
0 0.593380 0.449263 0.064180 0.244579
0 0.453455 0.428881 0.066493 0.274935
0 0.327696 0.431049 0.045100 0.256722
2 0.393033 0.596271 0.061289 0.132697
2 0.453744 0.387251 0.043943 0.104944
2 0.590489 0.411535 0.038740 0.089332
2 0.326250 0.397225 0.035270 0.104076
2 0.379156 0.378578 0.031223 0.092801
0 0.384649 0.372073 0.049147 0.149176