1 0.706875 0.416667 0.063750 0.068182
1 0.500625 0.458333 0.031250 0.045455
1 0.454375 0.476326 0.046250 0.043561
1 0.585000 0.476326 0.030000 0.035985
1 0.631875 0.489583 0.046250 0.043561
1 0.216875 0.500000 0.058750 0.049242
1 0.363125 0.506629 0.041250 0.062500
2 0.577500 0.551136 0.047500 0.098485
2 0.503750 0.567235 0.045000 0.130682
2 0.718125 0.581439 0.118750 0.223485
0 0.588125 0.584280 0.063750 0.267045
2 0.462500 0.595644 0.062500 0.172348
2 0.623750 0.599432 0.062500 0.138258
2 0.361875 0.616477 0.061250 0.149621
2 0.215000 0.623106 0.087500 0.178030
0 0.511875 0.625000 0.073750 0.371212
0 0.722500 0.625947 0.127500 0.505682
0 0.626250 0.638258 0.075000 0.359848
0 0.464375 0.642992 0.083750 0.395833
0 0.358750 0.659091 0.077500 0.371212
0 0.212500 0.677083 0.100000 0.414773