1 0.626823 0.100000 0.133854 0.157407
1 0.295052 0.186574 0.144271 0.156481
1 0.924479 0.237500 0.101042 0.184259
1 0.477604 0.274074 0.140625 0.209259
0 0.141406 0.465741 0.277604 0.894444
0 0.308073 0.487037 0.191146 0.820370
0 0.690104 0.514815 0.309375 0.931481
2 0.150781 0.520833 0.282813 0.628704
0 0.887500 0.578241 0.225000 0.786111
0 0.465104 0.578241 0.244792 0.804630
2 0.693490 0.660185 0.274479 0.635185
2 0.930208 0.699074 0.139583 0.583333
2 0.451042 0.709722 0.241667 0.580556
1 0.132031 0.851852 0.168229 0.264815