1 0.452797 0.552448 0.073427 0.051282
1 0.278912 0.568765 0.075307 0.072261
1 0.143794 0.569930 0.067308 0.058275
1 0.846154 0.589161 0.064685 0.043124
2 0.442308 0.742424 0.110140 0.228438
2 0.834353 0.742424 0.102273 0.219114
2 0.136364 0.753497 0.127622 0.238928
0 0.264527 0.761655 0.107979 0.476690
0 0.446678 0.761655 0.131119 0.476690
2 0.263112 0.762238 0.075175 0.209790
0 0.134587 0.767563 0.143414 0.464874
0 0.660668 0.772333 0.133998 0.455334
0 0.829108 0.779720 0.118007 0.440559
2 0.656114 0.775369 0.102775 0.227233
2 0.541305 0.681266 0.044883 0.110147
2 0.913378 0.640937 0.051388 0.097138
2 0.591067 0.713790 0.044232 0.130095
2 0.755963 0.686470 0.047485 0.111882
2 0.022333 0.735906 0.044666 0.200347
2 0.333803 0.667823 0.033174 0.107546
2 0.835646 0.545533 0.022116 0.022550
1 0.548135 0.595837 0.033825 0.043365
1 0.656114 0.575022 0.065048 0.055507
1 0.019406 0.560278 0.038812 0.052038
1 0.758565 0.600607 0.034475 0.033825
1 0.911427 0.569384 0.031873 0.035559
1 0.834020 0.519081 0.014961 0.018213
0 0.918582 0.700347 0.064397 0.306158
0 0.542931 0.723764 0.057242 0.316565
0 0.027537 0.763660 0.055074 0.469211
0 0.834020 0.532524 0.031873 0.052038
0 0.338682 0.656982 0.041631 0.209020
1 0.331852 0.571119 0.024068 0.028621
1 0.602775 0.611448 0.035126 0.036427
0 0.755637 0.723330 0.055941 0.286210
0 0.596596 0.702949 0.052689 0.228101
1 0.762467 0.555507 0.025369 0.026886