1 0.450516 0.228419 0.049366 0.058341
1 0.393877 0.228176 0.064597 0.077906
1 0.744256 0.271899 0.043257 0.051171
1 0.813164 0.286824 0.055339 0.069890
1 0.658320 0.295885 0.049024 0.060442
1 0.553062 0.308760 0.051908 0.067650
1 0.898333 0.331454 0.068333 0.088972
2 0.659583 0.432068 0.080833 0.107243
2 0.550417 0.445489 0.082500 0.141604
2 0.802083 0.448622 0.082500 0.172932
2 0.388750 0.456140 0.114167 0.243108
0 0.370417 0.502506 0.137500 0.631579
2 0.896667 0.523810 0.083333 0.228070
1 0.764167 0.525689 0.065000 0.081454
1 0.649668 0.522984 0.057099 0.062446
1 0.559406 0.541631 0.061136 0.061578
1 0.498270 0.564737 0.080746 0.096892
0 0.897917 0.610276 0.122500 0.651629
0 0.650114 0.710526 0.106438 0.446115
0 0.777083 0.724937 0.134167 0.492481
0 0.497405 0.753686 0.190906 0.487424
0 0.549313 0.388118 0.097472 0.238508
0 0.657743 0.372507 0.105546 0.229835
0 0.459627 0.348222 0.071518 0.311362
2 0.482697 0.753686 0.139575 0.199480
2 0.651399 0.695577 0.092858 0.192541
2 0.766750 0.678231 0.098625 0.201214
0 0.790685 0.359497 0.113044 0.235039
0 0.741084 0.358630 0.073825 0.233304