0 0.464444 0.417500 0.064444 0.170000
1 0.910556 0.485417 0.045556 0.049167
1 0.734167 0.530833 0.042778 0.048333
1 0.873611 0.537083 0.029444 0.035833
2 0.930278 0.607500 0.076111 0.151667
2 0.750833 0.609167 0.065000 0.105000
2 0.287778 0.612917 0.074444 0.137500
2 0.876667 0.621667 0.041111 0.113333
2 0.597500 0.624167 0.080556 0.135000
0 0.878611 0.647500 0.053889 0.246667
0 0.751389 0.654583 0.077222 0.282500
0 0.928889 0.665000 0.078889 0.416667
0 0.295833 0.670000 0.085000 0.326667
0 0.596667 0.682083 0.084444 0.320833