1 0.451852 0.457521 0.055556 0.057103
1 0.254630 0.467270 0.083333 0.065460
1 0.649537 0.493733 0.036111 0.040390
1 0.538889 0.501393 0.044444 0.050139
1 0.359121 0.510359 0.053427 0.068419
1 0.601389 0.520195 0.049074 0.076602
2 0.655093 0.610724 0.063889 0.154596
2 0.449074 0.620474 0.090741 0.201950
0 0.659259 0.665738 0.057407 0.387187
2 0.587963 0.699861 0.077778 0.235376
2 0.367130 0.701253 0.100926 0.240947
2 0.243981 0.702646 0.121296 0.282730
0 0.450000 0.703343 0.092593 0.554318
0 0.236111 0.710306 0.122222 0.557103
0 0.363544 0.728943 0.109948 0.514260
0 0.593056 0.737465 0.095370 0.522284
0 0.543245 0.714224 0.078417 0.488291
2 0.541515 0.659584 0.056506 0.195143