2 0.898868 0.723833 0.184347 0.480198
1 0.176803 0.144625 0.107496 0.123762
1 0.528289 0.218883 0.109854 0.106789
1 0.347006 0.306577 0.102782 0.106789
1 0.676568 0.326379 0.107496 0.101132
1 0.888496 0.333451 0.115512 0.108204
2 0.153230 0.458274 0.165959 0.388967
0 0.149458 0.543140 0.169731 0.913720
0 0.510372 0.581683 0.151344 0.836634
2 0.335455 0.606789 0.167374 0.373409
0 0.333098 0.620580 0.137199 0.758840
0 0.690712 0.631895 0.145215 0.736209
0 0.896983 0.631895 0.153230 0.736209
2 0.703678 0.664427 0.152287 0.409477