0 0.177500 0.469761 0.061000 0.177215
0 0.862283 0.562641 0.054882 0.179922
0 0.587908 0.601969 0.056185 0.205345
0 0.839000 0.711674 0.066000 0.188467
0 0.622832 0.714487 0.048336 0.205345
0 0.663500 0.738397 0.055000 0.194093
0 0.245939 0.668257 0.071532 0.174328
2 0.249948 0.644840 0.033916 0.049436
2 0.587565 0.583695 0.033299 0.072853
2 0.837925 0.700347 0.039466 0.085863
2 0.662796 0.720729 0.041932 0.076323
2 0.619322 0.690807 0.030216 0.073721
1 0.598973 0.526886 0.019116 0.032090
1 0.662796 0.664788 0.025899 0.028621
1 0.873691 0.494796 0.023433 0.033825
1 0.835767 0.636600 0.021583 0.027754