1 0.216500 0.193333 0.099000 0.109333
1 0.495000 0.245333 0.084000 0.085333
1 0.370000 0.252000 0.082000 0.082667
1 0.605000 0.252000 0.074000 0.090667
1 0.740000 0.268000 0.090000 0.088000
2 0.222000 0.472000 0.170000 0.373333
2 0.758000 0.476000 0.138000 0.285333
2 0.489000 0.478667 0.118000 0.301333
2 0.613000 0.480000 0.124000 0.277333
2 0.371000 0.492000 0.130000 0.314667
0 0.214000 0.564000 0.178000 0.872000
0 0.627000 0.589333 0.164000 0.752000
0 0.488500 0.594667 0.145000 0.810666
0 0.764000 0.598667 0.170000 0.738667
0 0.371000 0.609333 0.112000 0.781333