1 0.217101 0.332031 0.085243 0.101563
1 0.812760 0.347656 0.109896 0.138021
1 0.631337 0.351563 0.094271 0.083333
1 0.529687 0.369792 0.085417 0.114583
1 0.113802 0.369792 0.107813 0.088542
1 0.365625 0.373698 0.087153 0.111979
1 0.735503 0.430990 0.101215 0.101563
0 0.622656 0.565104 0.153299 0.520833
0 0.527865 0.570313 0.155035 0.479167
0 0.355208 0.572917 0.170486 0.500000
0 0.737153 0.593750 0.122222 0.453125
2 0.526215 0.617188 0.127083 0.322917
2 0.629601 0.626302 0.118576 0.309896
2 0.347396 0.630208 0.147917 0.333333
0 0.835330 0.638021 0.175868 0.723958
0 0.230990 0.643229 0.109549 0.713542
0 0.126823 0.654948 0.144271 0.669271
2 0.828385 0.687500 0.134201 0.421875
2 0.732148 0.662619 0.079214 0.296618