1 0.131250 0.201641 0.062500 0.075029
1 0.303488 0.217693 0.050862 0.060711
1 0.374868 0.247181 0.053752 0.067650
1 0.724609 0.252638 0.072656 0.073857
1 0.487574 0.253686 0.060687 0.071986
1 0.820488 0.260243 0.076871 0.079688
1 0.208594 0.266120 0.075000 0.089097
1 0.598545 0.311386 0.061843 0.062397
2 0.124219 0.402696 0.095312 0.209848
2 0.716016 0.424971 0.099219 0.184056
2 0.495312 0.436694 0.087500 0.195780
2 0.373047 0.444900 0.085156 0.200469
2 0.830078 0.467175 0.127344 0.198124
2 0.224219 0.468933 0.092188 0.225088
2 0.607422 0.506448 0.085156 0.206331
0 0.116574 0.511949 0.132478 0.706465
0 0.502774 0.523314 0.130390 0.625119
0 0.382273 0.530548 0.118267 0.655199
0 0.718480 0.532998 0.131789 0.647955
0 0.214844 0.556272 0.125000 0.685815
0 0.603032 0.583693 0.093936 0.619250
0 0.845703 0.591442 0.147656 0.756155
0 0.301754 0.503903 0.112127 0.652212
2 0.302910 0.405464 0.087852 0.210755