1 0.871582 0.208075 0.051758 0.064182
1 0.350098 0.213251 0.045898 0.062112
1 0.701172 0.228778 0.056641 0.055901
1 0.443848 0.237060 0.055664 0.055901
1 0.207031 0.238095 0.046875 0.070393
1 0.514648 0.245342 0.046875 0.072464
1 0.035156 0.267081 0.048828 0.070393
1 0.599609 0.273292 0.048828 0.070393
1 0.280762 0.291925 0.051758 0.070393
1 0.116211 0.321946 0.046875 0.072464
2 0.785645 0.429607 0.081055 0.320911
2 0.357422 0.456522 0.087891 0.271222
2 0.520508 0.461698 0.078125 0.273292
2 0.211426 0.471014 0.088867 0.287785
2 0.702637 0.477226 0.079102 0.275362
2 0.445801 0.480331 0.081055 0.347826
2 0.608398 0.486542 0.087891 0.252588
2 0.866211 0.492754 0.046875 0.318841
2 0.951660 0.495859 0.096680 0.370600
2 0.281250 0.498965 0.064453 0.248447
2 0.037109 0.509317 0.068359 0.310559
2 0.126465 0.534161 0.084961 0.265010
0 0.791016 0.551760 0.107422 0.896480
0 0.949707 0.564182 0.100586 0.871636
0 0.358398 0.584886 0.101563 0.809524
0 0.450195 0.597308 0.089844 0.801242
0 0.704590 0.600414 0.096680 0.799172
0 0.213867 0.601449 0.097656 0.797101
0 0.524414 0.604555 0.087891 0.790890
0 0.041016 0.613872 0.082031 0.772256
0 0.616211 0.614907 0.101563 0.770186
0 0.279297 0.628364 0.072266 0.743271
0 0.124512 0.638716 0.083008 0.722567
1 0.775391 0.142857 0.060547 0.078675
1 0.831055 0.192547 0.050781 0.066253
1 0.941406 0.193582 0.083984 0.097308