1 0.586979 0.305949 0.023958 0.056657
1 0.433854 0.307365 0.036458 0.065156
1 0.238021 0.315864 0.040625 0.065156
1 0.475521 0.347351 0.036458 0.087168
1 0.174479 0.351275 0.046875 0.090652
1 0.561458 0.355524 0.035417 0.087819
1 0.383333 0.366856 0.041667 0.082153
1 0.282292 0.378187 0.047917 0.087819
1 0.070313 0.386686 0.055208 0.087819
1 0.634375 0.398017 0.047917 0.093484
1 0.126042 0.436261 0.052083 0.073654
1 0.327604 0.439093 0.048958 0.084986
1 0.435937 0.441926 0.048958 0.079320
1 0.221875 0.456091 0.058333 0.096317
1 0.525000 0.461756 0.052083 0.107649
2 0.057813 0.651558 0.055208 0.260623
0 0.059896 0.667139 0.082292 0.665722
0 0.638542 0.672805 0.100000 0.654390
2 0.630729 0.677054 0.071875 0.322946
0 0.330208 0.684136 0.102083 0.631728
2 0.325000 0.686969 0.062500 0.308782
0 0.119792 0.694051 0.077083 0.611898
0 0.218229 0.703966 0.073958 0.592068
0 0.428125 0.709632 0.087500 0.580736
0 0.526563 0.713881 0.088542 0.572238
2 0.530729 0.715297 0.080208 0.325779
2 0.219792 0.722380 0.068750 0.328612
2 0.434896 0.726629 0.067708 0.280453
2 0.122917 0.730878 0.075000 0.322946
1 0.347917 0.280453 0.037500 0.084986
0 0.279506 0.563466 0.063305 0.472711
0 0.174088 0.521885 0.057403 0.462498