1 0.130647 0.429185 0.047009 0.068670
1 0.642857 0.436695 0.034286 0.036481
1 0.302143 0.453863 0.038571 0.057940
1 0.739088 0.453863 0.055319 0.062232
1 0.368358 0.460428 0.031178 0.045319
0 0.089978 0.533262 0.145670 0.319742
0 0.354474 0.575834 0.079623 0.286100
0 0.658571 0.579399 0.074286 0.343348
0 0.254670 0.599600 0.140769 0.354448
0 0.581429 0.607607 0.097143 0.261181
0 0.785630 0.639689 0.160169 0.450236
2 0.101899 0.530356 0.083719 0.127493
2 0.243934 0.541197 0.082565 0.123157
2 0.661665 0.541631 0.054273 0.118820
2 0.795328 0.575889 0.089493 0.163053
2 0.420033 0.536860 0.021363 0.041631
0 0.422054 0.562012 0.038107 0.152645
1 0.609413 0.500867 0.029446 0.039029
1 0.428983 0.499133 0.015012 0.023417