1 0.715088 0.220861 0.052246 0.080921
1 0.526855 0.221975 0.049805 0.071269
1 0.465820 0.222346 0.046875 0.069042
1 0.567139 0.225316 0.039551 0.060134
1 0.833496 0.239421 0.049805 0.083890
1 0.900635 0.244246 0.052246 0.086117
1 0.756348 0.245731 0.032227 0.074239
1 0.794189 0.254640 0.044434 0.081663
1 0.668213 0.256867 0.056152 0.066815
1 0.609863 0.287305 0.051758 0.068300
0 0.457275 0.369710 0.058105 0.363771
2 0.727051 0.399035 0.103516 0.207127
0 0.539307 0.434298 0.120605 0.481069
0 0.905518 0.442465 0.120605 0.482554
0 0.740967 0.451002 0.113770 0.518931
0 0.811035 0.463623 0.067383 0.492205
0 0.644043 0.480698 0.104492 0.526355
2 0.631486 0.451865 0.059896 0.202949
2 0.536508 0.407199 0.087847 0.207285
2 0.908434 0.428448 0.101538 0.228968