1 0.513000 0.457333 0.062000 0.050667
1 0.586000 0.466667 0.056000 0.053333
1 0.666000 0.510667 0.060000 0.050667
1 0.428000 0.521333 0.056000 0.056000
1 0.748000 0.532000 0.060000 0.050667
2 0.519000 0.670667 0.090000 0.253333
2 0.597000 0.678667 0.062000 0.232000
2 0.679000 0.688000 0.090000 0.234667
2 0.407000 0.710667 0.070000 0.200000
0 0.510000 0.712000 0.128000 0.576000
0 0.599000 0.714667 0.094000 0.570666
2 0.771000 0.717333 0.082000 0.224000
0 0.684000 0.741333 0.100000 0.517333
0 0.401000 0.745333 0.126000 0.509333
0 0.765000 0.750667 0.106000 0.488000