1 0.114258 0.365103 0.046875 0.073314
1 0.305664 0.436950 0.095703 0.167155
2 0.100586 0.476540 0.072266 0.126100
1 0.576172 0.508798 0.017578 0.026393
0 0.105469 0.527859 0.091797 0.416422
2 0.583008 0.546921 0.029297 0.049853
0 0.721235 0.564614 0.039279 0.123157
2 0.501953 0.569648 0.023438 0.045455
0 0.581055 0.577713 0.046875 0.181818
0 0.502930 0.594575 0.035156 0.124633
0 0.315918 0.609238 0.221680 0.517595
0 0.759648 0.568951 0.030615 0.117953
2 0.723834 0.549003 0.020217 0.043365
2 0.761092 0.555941 0.019640 0.038161