1 0.469238 0.192669 0.051758 0.077068
1 0.619629 0.196429 0.051758 0.084586
1 0.669434 0.206767 0.053711 0.082707
0 0.509277 0.209586 0.045898 0.167293
0 0.260254 0.212406 0.069336 0.218045
2 0.563477 0.390977 0.080078 0.274436
2 0.332031 0.396617 0.089844 0.330827
2 0.215820 0.410714 0.103516 0.325188
2 0.120605 0.432331 0.131836 0.319549
2 0.679688 0.442669 0.087891 0.283835
2 0.473633 0.444549 0.105469 0.325188
0 0.623535 0.500000 0.063477 0.744361
0 0.399414 0.505639 0.097656 0.778195
0 0.560547 0.517857 0.111328 0.810150
0 0.683594 0.528195 0.105469 0.725564
0 0.212402 0.536654 0.110352 0.832707
0 0.482422 0.545113 0.099609 0.815789
0 0.323242 0.546053 0.111328 0.821429
0 0.112793 0.558271 0.139648 0.872180
1 0.422363 0.123120 0.045898 0.077068
1 0.201172 0.156955 0.054688 0.099624
1 0.256348 0.160714 0.041992 0.065789
1 0.515137 0.160714 0.041992 0.084586
1 0.382813 0.161654 0.050781 0.071429
1 0.326660 0.162594 0.055664 0.073308
0 0.427246 0.174812 0.065430 0.187970
1 0.555664 0.176692 0.050781 0.090226
1 0.121582 0.184211 0.061523 0.086466