1 0.787917 0.364119 0.040833 0.065817
1 0.646250 0.375796 0.027500 0.067941
0 0.262917 0.488202 0.037500 0.420624
0 0.215833 0.509554 0.055000 0.505308
0 0.654075 0.542078 0.063516 0.419029
0 0.120417 0.553079 0.055833 0.571125
0 0.164167 0.557325 0.050000 0.503185
0 0.069167 0.567196 0.061667 0.627817
0 0.793773 0.653383 0.105787 0.663509
0 0.024946 0.588161 0.049892 0.686149
1 0.263948 0.319578 0.027897 0.053306
1 0.213519 0.291558 0.032189 0.054673
1 0.112124 0.305910 0.033262 0.064241
1 0.062500 0.297709 0.041309 0.077909
1 0.016899 0.287458 0.033798 0.068341