1 0.523958 0.261667 0.064583 0.081111
1 0.861111 0.266667 0.061111 0.077778
1 0.231944 0.268333 0.068056 0.087778
1 0.378472 0.271111 0.076389 0.093333
1 0.686806 0.271111 0.077778 0.088889
2 0.522569 0.428333 0.096528 0.247778
2 0.383681 0.436667 0.110417 0.224444
2 0.701389 0.438333 0.127778 0.227778
2 0.220833 0.453333 0.097222 0.260000
2 0.866226 0.455790 0.103658 0.247136
0 0.523264 0.529444 0.156250 0.638889
0 0.215972 0.531667 0.151389 0.623333
0 0.867708 0.535000 0.157639 0.652222
0 0.377778 0.538333 0.154167 0.638889
0 0.692014 0.541111 0.143750 0.640000