1 0.809167 0.155625 0.071667 0.076250
1 0.747083 0.165000 0.055833 0.082500
1 0.268750 0.186250 0.077500 0.087500
1 0.147083 0.245625 0.072500 0.073750
0 0.746667 0.370625 0.138333 0.518750
2 0.856250 0.386250 0.090833 0.292500
2 0.731250 0.400625 0.085833 0.316250
2 0.290000 0.442500 0.141667 0.325000
2 0.128750 0.460000 0.144167 0.302500
0 0.840417 0.539375 0.145833 0.861250
0 0.136667 0.555625 0.160000 0.701250
0 0.300417 0.560000 0.174167 0.847500
1 0.570000 0.650625 0.076667 0.153750
1 0.646667 0.666250 0.058333 0.135000
2 0.750833 0.676875 0.146667 0.156250
2 0.460417 0.713125 0.135833 0.178750
0 0.495000 0.764375 0.221667 0.393750
0 0.722917 0.781875 0.224167 0.383750