1 0.721144 0.431788 0.083921 0.137769
1 0.661794 0.470430 0.116431 0.127688
1 0.075731 0.483871 0.118700 0.141129
1 0.900076 0.492272 0.134325 0.144489
1 0.613911 0.614919 0.151714 0.194892
1 0.791709 0.614919 0.144405 0.174731
0 0.111013 0.688172 0.219506 0.623656
2 0.084551 0.690524 0.166583 0.305780
0 0.910156 0.705645 0.164567 0.577957
0 0.610131 0.745968 0.239919 0.504032
0 0.786668 0.754368 0.174647 0.480511
2 0.901336 0.754368 0.146925 0.332661
2 0.784148 0.855175 0.154486 0.265457
2 0.598790 0.888105 0.181956 0.223790
0 0.980703 0.171292 0.031223 0.080659
0 0.276561 0.182567 0.043582 0.052905
1 0.985172 0.141900 0.011925 0.013010
2 0.986798 0.161415 0.013732 0.023128