1 0.814063 0.202778 0.060937 0.077778
1 0.525215 0.239151 0.037554 0.064855
1 0.666406 0.266667 0.043750 0.072222
1 0.396094 0.279167 0.050000 0.063889
1 0.278906 0.284722 0.040625 0.069444
2 0.817969 0.341667 0.106250 0.200000
2 0.708594 0.384722 0.081250 0.163889
2 0.516406 0.426389 0.106250 0.158333
0 0.702344 0.427778 0.115625 0.400000
0 0.827344 0.443056 0.159375 0.547222
0 0.402344 0.445833 0.084375 0.419444
2 0.283594 0.511111 0.143750 0.138889
0 0.530469 0.522222 0.143750 0.372222
1 0.156250 0.583333 0.060937 0.172222
0 0.273438 0.663889 0.285938 0.466667
0 0.288627 0.334526 0.124464 0.196471
0 0.536749 0.264902 0.086373 0.143062
2 0.540236 0.304483 0.059013 0.056271