1 0.382637 0.477143 0.051447 0.042857
1 0.294748 0.506429 0.053591 0.050000
1 0.546624 0.506429 0.049303 0.055714
1 0.472133 0.537857 0.048232 0.052857
2 0.377814 0.605000 0.091104 0.155714
2 0.550911 0.612857 0.094319 0.111429
2 0.652197 0.618571 0.091104 0.140000
2 0.285102 0.649286 0.100750 0.175714
2 0.467846 0.660714 0.073955 0.150000
0 0.370311 0.689286 0.097535 0.472857
0 0.556806 0.696429 0.086817 0.432857
0 0.658628 0.699286 0.106109 0.432857
0 0.467310 0.715714 0.079314 0.422857
0 0.283494 0.719286 0.099678 0.475714