1 0.727768 0.562044 0.058076 0.053528
1 0.915608 0.571776 0.045372 0.043796
1 0.840290 0.581509 0.072595 0.058394
1 0.319419 0.613139 0.050817 0.058394
1 0.590744 0.614355 0.063521 0.060827
1 0.392922 0.636253 0.030853 0.031630
2 0.920145 0.683698 0.050817 0.141119
2 0.037118 0.715328 0.030406 0.082725
0 0.037205 0.725061 0.038113 0.175182
2 0.736842 0.737226 0.101633 0.223844
0 0.742287 0.755474 0.105263 0.489051
0 0.525350 0.761557 0.063638 0.306569
2 0.868421 0.768856 0.103448 0.238443
0 0.858439 0.770073 0.119782 0.459854
0 0.921053 0.770073 0.074410 0.459854
2 0.297641 0.776156 0.079855 0.209246
0 0.386570 0.784672 0.065336 0.333333
0 0.304900 0.785888 0.101633 0.418491
2 0.596189 0.788321 0.078040 0.228710
0 0.590744 0.793187 0.096189 0.413625
0 0.673321 0.798054 0.061706 0.384428
2 0.380964 0.729402 0.045285 0.123157
2 0.529436 0.725932 0.045932 0.117953
1 0.535905 0.632697 0.030406 0.037294