1 0.872745 0.348348 0.082164 0.096096
1 0.631263 0.465465 0.056112 0.072072
1 0.435872 0.501502 0.058116 0.054054
1 0.294589 0.533033 0.036072 0.045045
1 0.241483 0.551051 0.042084 0.045045
1 0.169339 0.573574 0.038076 0.030030
1 0.066132 0.579580 0.024048 0.036036
0 0.909820 0.650150 0.176353 0.699700
0 0.455912 0.668168 0.106212 0.399399
0 0.648297 0.677177 0.118236 0.489489
0 0.078156 0.684685 0.056112 0.228228
0 0.313627 0.687688 0.094188 0.354354
0 0.249499 0.692192 0.082164 0.321321
0 0.178357 0.692192 0.068136 0.291291