1 0.841797 0.489051 0.060547 0.075912
1 0.364746 0.491241 0.065430 0.068613
1 0.090820 0.492701 0.058594 0.083212
1 0.504395 0.499270 0.049805 0.061314
1 0.229492 0.502190 0.054688 0.055474
1 0.650879 0.505109 0.065430 0.061314
0 0.360840 0.725547 0.122070 0.548905
0 0.857910 0.727007 0.139648 0.545985
0 0.076172 0.729927 0.152344 0.537226
0 0.506836 0.731387 0.125000 0.537226
0 0.228516 0.732847 0.123047 0.534306
0 0.656250 0.733577 0.128906 0.532846
0 0.954803 0.729835 0.090394 0.540330
0 0.728590 0.735039 0.076584 0.467476
1 0.574263 0.527320 0.040612 0.048569
1 0.437051 0.527754 0.042353 0.042498
1 0.777905 0.552472 0.034811 0.043365
1 0.711475 0.526019 0.036551 0.042498
0 0.576584 0.712923 0.062659 0.435386
0 0.440242 0.743712 0.058018 0.488291
0 0.784867 0.736340 0.063820 0.421509
1 0.933973 0.493929 0.042933 0.058109