1 0.793125 0.261421 0.073750 0.126904
1 0.544375 0.265228 0.046250 0.078680
1 0.477500 0.267766 0.060000 0.083756
1 0.708125 0.270305 0.068750 0.109137
0 0.408750 0.293147 0.055000 0.220812
1 0.365625 0.298223 0.051250 0.088832
0 0.628125 0.370558 0.116250 0.390863
0 0.467500 0.385787 0.095000 0.314721
0 0.553125 0.398477 0.093750 0.350254
0 0.367500 0.420051 0.087500 0.332487
2 0.632500 0.421320 0.077500 0.187817
2 0.470000 0.434010 0.082500 0.223350
0 0.710000 0.436548 0.082500 0.441624
2 0.715000 0.450508 0.062500 0.220812
2 0.551250 0.463198 0.077500 0.236041
2 0.363125 0.465736 0.098750 0.236041
2 0.806250 0.515228 0.110000 0.324873
2 0.925625 0.526650 0.121250 0.368020
1 0.505000 0.540609 0.067500 0.101523
1 0.411875 0.548223 0.053750 0.096447
1 0.623125 0.555838 0.063750 0.101523
0 0.174375 0.567259 0.121250 0.799492
0 0.267500 0.590358 0.092500 0.789852
0 0.919375 0.583756 0.121250 0.791878
1 0.695625 0.593909 0.063750 0.116751
0 0.803125 0.602792 0.126250 0.794416
1 0.283750 0.662437 0.065000 0.157360
0 0.625000 0.728426 0.095000 0.441624
0 0.510000 0.744924 0.102500 0.510152
0 0.393125 0.750000 0.113750 0.494924
0 0.727500 0.769036 0.135000 0.461928
1 0.350000 0.181472 0.050000 0.093909
1 0.471875 0.187817 0.046250 0.086294
1 0.309375 0.208122 0.048750 0.076142
1 0.181250 0.222081 0.085000 0.114213
1 0.410000 0.229695 0.047500 0.083756
1 0.616875 0.236041 0.068750 0.096447
1 0.920000 0.244924 0.080000 0.149746