1 0.529167 0.264411 0.055000 0.067669
1 0.805833 0.269424 0.071667 0.117794
2 0.336667 0.354637 0.063333 0.182957
0 0.527502 0.387571 0.084996 0.327614
2 0.409167 0.403509 0.061667 0.205514
2 0.536667 0.404762 0.056667 0.187970
2 0.019167 0.418546 0.038333 0.200501
0 0.335000 0.421053 0.080000 0.466165
2 0.825000 0.444862 0.100000 0.233083
1 0.270833 0.448034 0.055000 0.096414
0 0.414167 0.461153 0.081667 0.486216
1 0.132500 0.478697 0.068333 0.105263
0 0.806667 0.513784 0.126667 0.616541
0 0.242500 0.593985 0.101667 0.355890
0 0.118333 0.622807 0.146667 0.383459
1 0.327500 0.221805 0.041667 0.062657
1 0.419167 0.249373 0.051667 0.072682
0 0.030544 0.459670 0.061088 0.499566
1 0.019009 0.238942 0.038018 0.056375