1 0.718468 0.354000 0.051351 0.112000
1 0.842793 0.370000 0.044144 0.088000
1 0.478378 0.381000 0.034234 0.070000
1 0.417568 0.384000 0.027928 0.064000
1 0.667117 0.384000 0.035135 0.052000
1 0.368468 0.401000 0.034234 0.074000
1 0.550901 0.414000 0.036937 0.072000
1 0.605856 0.429000 0.029730 0.066000
2 0.667568 0.512000 0.045045 0.228000
2 0.421622 0.518000 0.043243 0.184000
2 0.484234 0.518000 0.051351 0.220000
2 0.859459 0.541000 0.072072 0.246000
2 0.549550 0.546000 0.054054 0.208000
2 0.370270 0.549000 0.054054 0.226000
0 0.485135 0.549000 0.058559 0.422000
2 0.606306 0.559000 0.046847 0.202000
2 0.727027 0.563000 0.073874 0.282000
0 0.416216 0.571000 0.059459 0.442000
0 0.550901 0.594000 0.058559 0.452000
0 0.668919 0.594000 0.060360 0.496000
0 0.372523 0.595000 0.056757 0.474000
0 0.606757 0.606000 0.056757 0.416000
0 0.858108 0.617000 0.080180 0.598000
0 0.723423 0.651000 0.088288 0.698000