1 0.280273 0.181552 0.125000 0.172767
1 0.727634 0.226800 0.109333 0.129228
1 0.481445 0.282577 0.103516 0.134700
1 0.157715 0.285505 0.149414 0.193265
0 0.333496 0.341142 0.239258 0.480234
2 0.309082 0.450220 0.174805 0.265007
2 0.144043 0.499268 0.196289 0.210835
1 0.760742 0.549048 0.156250 0.163982
0 0.149902 0.550512 0.204102 0.699854
0 0.512460 0.575403 0.169451 0.729136
0 0.817383 0.732064 0.281250 0.535871
2 0.853516 0.841874 0.199219 0.316252
2 0.515330 0.531223 0.129002 0.325239
0 0.698999 0.309193 0.197842 0.304423