1 0.723750 0.178974 0.054167 0.072591
1 0.210833 0.227785 0.066667 0.062578
1 0.607500 0.239675 0.051667 0.068836
1 0.459583 0.263454 0.055833 0.078849
1 0.395000 0.277847 0.055000 0.045056
2 0.729167 0.360451 0.098333 0.222778
2 0.627917 0.409262 0.120833 0.207760
2 0.214583 0.427409 0.127500 0.274093
2 0.462500 0.440551 0.103333 0.250313
0 0.734583 0.446809 0.130833 0.613267
2 0.382500 0.471214 0.051667 0.211514
0 0.632500 0.502503 0.118333 0.607009
0 0.387500 0.528160 0.078333 0.570713
0 0.209583 0.552566 0.180833 0.719650
0 0.472083 0.554443 0.150833 0.640801