1 0.595625 0.227955 0.036250 0.050657
2 0.598125 0.350844 0.066250 0.135084
1 0.733750 0.379925 0.047500 0.065666
0 0.595344 0.384615 0.080898 0.386492
0 0.725574 0.573287 0.096353 0.461405
1 0.421875 0.545028 0.061250 0.073171
1 0.241250 0.621013 0.070000 0.097561
1 0.495000 0.627580 0.067500 0.088180
1 0.652500 0.630394 0.057500 0.093809
1 0.839375 0.659475 0.063750 0.088180
1 0.816875 0.759850 0.071250 0.105066
0 0.637500 0.783302 0.127500 0.395872
1 0.126250 0.876173 0.082500 0.108818
1 0.360625 0.941839 0.081250 0.116322
0 0.232171 0.781440 0.123080 0.437120
0 0.408990 0.751518 0.086098 0.496964
0 0.499422 0.786210 0.123658 0.427580
0 0.810878 0.553773 0.092454 0.370338
0 0.800188 0.852992 0.178553 0.294016
1 0.802499 0.401127 0.046805 0.058109
0 0.120359 0.908066 0.101700 0.183868