1 0.440385 0.200837 0.051538 0.071130
2 0.398257 0.293112 0.091178 0.143901
0 0.408077 0.364017 0.128462 0.414226
2 0.149231 0.381278 0.087692 0.143302
0 0.136154 0.442992 0.123077 0.421548
2 0.824615 0.446130 0.124615 0.226987
2 0.590385 0.454498 0.117692 0.231172
0 0.721923 0.500083 0.088462 0.514477
0 0.592692 0.538703 0.162308 0.583682
0 0.822692 0.556645 0.139231 0.618928
2 0.887783 0.405464 0.070158 0.195143
0 0.877897 0.486990 0.111615 0.517780
1 0.596946 0.279705 0.053575 0.058109
1 0.797853 0.283608 0.058678 0.067650
1 0.150485 0.267129 0.042095 0.057242
1 0.853023 0.261925 0.051662 0.057242