1 0.426852 0.192815 0.018519 0.036657
0 0.428241 0.265396 0.058333 0.173021
1 0.287037 0.313783 0.024074 0.020528
1 0.652315 0.343842 0.028704 0.033724
1 0.506944 0.348240 0.015741 0.030792
1 0.577778 0.359238 0.020370 0.029326
0 0.285185 0.376833 0.053704 0.161290
1 0.543519 0.377566 0.018519 0.016129
0 0.506019 0.404692 0.021296 0.149560
0 0.657870 0.414956 0.037963 0.170088
0 0.568519 0.416422 0.035185 0.140762
0 0.538426 0.432551 0.037963 0.164223
1 0.929167 0.604839 0.028704 0.051320
0 0.928241 0.630499 0.036111 0.102639