0 0.585354 0.501447 0.123737 0.483840
0 0.169066 0.508201 0.105808 0.637241
2 0.440657 0.678968 0.088889 0.221418
0 0.453157 0.678968 0.130051 0.295707
1 0.164015 0.230825 0.059343 0.063193
1 0.631566 0.302943 0.027273 0.077183
1 0.496843 0.303666 0.035606 0.059334
0 0.726768 0.368203 0.058586 0.245745
2 0.454798 0.371925 0.057576 0.128316
2 0.571591 0.376507 0.069444 0.171249
2 0.158712 0.395080 0.072980 0.213218
0 0.447348 0.424264 0.141162 0.300531
2 0.731491 0.343202 0.034871 0.097358
1 0.736856 0.267365 0.019850 0.035869